923167815639
923476026649
923167815639
923167815639
923476026649
923167815639
923167815639
923476026649
923167815639
923167815639
923476026649
923167815639
923167815639
923476026649
923167815639
923167815639
923476026649
923167815639
923167815639
923476026649
923167815639
923167815639
923476026649
923167815639
923167815639
923476026649
923167815639
923167815639
923476026649
923167815639
923167815639
923476026649
923167815639
923167815639
923476026649
923167815639
923167815639
923476026649
923167815639
923167815639
923476026649
923167815639
923167815639
923476026649
923167815639
923167815639
923476026649
923167815639
923167815639
923476026649
923167815639